INFO: 2023-05-17 17:58:46,427: Data
INFO: 2023-05-17 17:58:46,429: Data shape (110527, 14)
INFO: 2023-05-17 17:58:46,451: Percentage of women: 0.653882342398853
INFO: 2023-05-17 17:58:46,467: Percentage of men: 0.346117657601147
ERROR: 2023-05-17 17:59:27,424: Data shape is incorrect!
